image_width: 640
image_height: 480
camera_name: narrow_stereo
camera_matrix:
  rows: 3
  cols: 3
  data: [630.071853, 0, 322.309971, 0, 632.842228, 247.329905, 0, 0, 1]
distortion_model: plumb_bob
distortion_coefficients:
  rows: 1
  cols: 5
  data: [0.010162, -0.060262, 0.001452, -0.001965, 0]
rectification_matrix:
  rows: 3
  cols: 3
  data: [1, 0, 0, 0, 1, 0, 0, 0, 1]
projection_matrix:
  rows: 3
  cols: 4
  data: [629.262817, 0, 321.356074, 0, 0, 633.187622, 247.779559, 0, 0, 0, 1, 0]