image_width: 640
image_height: 480
camera_name: narrow_stereo
camera_matrix:
  rows: 3
  cols: 3
  data: [603.652456, 0, 328.452174, 0, 604.1248849999999, 228.433349, 0, 0, 1]
distortion_model: plumb_bob
distortion_coefficients:
  rows: 1
  cols: 5
  data: [-0.033672, -0.031004, 0.001614, 0.007620999999999999, 0]
rectification_matrix:
  rows: 3
  cols: 3
  data: [1, 0, 0, 0, 1, 0, 0, 0, 1]
projection_matrix:
  rows: 3
  cols: 4
  data: [595.603882, 0, 332.817829, 0, 0, 601.200317, 228.752163, 0, 0, 0, 1, 0]