image_width: 640
image_height: 480
camera_name: narrow_stereo
camera_matrix:
  rows: 3
  cols: 3
  data: [708.611809, 0, 320.331083, 0, 703.012319, 260.343059, 0, 0, 1]
distortion_model: plumb_bob
distortion_coefficients:
  rows: 1
  cols: 5
  data: [0.09776299999999999, -0.235306, 0.00463, -0.001884, 0]
rectification_matrix:
  rows: 3
  cols: 3
  data: [1, 0, 0, 0, 1, 0, 0, 0, 1]
projection_matrix:
  rows: 3
  cols: 4
  data: [716.9812010000001, 0, 319.462594, 0, 0, 710.538879, 261.784996, 0, 0, 0, 1, 0]